0,494
0,493
0,492
0,491
0,490
0,489
0,488
38,3
38,2
0,487
38,1
38,0
0,486
0,485
37,3
37,2
0,484
37,1
37,0
0,483
0,482
36,5
0,481
0,480
0,479
36,4
0,478
0,477
0,476
36,3
36,2
0,475
36,1
36,0
0,474
0,473
0,472
35,4
0,471
0,243
0,470
35,3
35,2
0,469
35,1
35,0
0,468
0,467
34,3
34,2
34,1
34,0
0,466
33,4
33,3
33,2
33,1
33,0
25,2
25,0
26,2
26,0
27,2
27,0
0,465
0,464
28,4
28,2
28,0
0,463
0,462
30,0
0,461
0,460
0,459
24,2
25,4
28,5
26,1
26,3
27,4
0,278
0,458
0,457
0,456
0,455
0,454
0,386
30,2
31,52
31,51
31,50
31,49
31,48
31,47
31,46
31,45
31,44
31,43
31,42
31,41
31,40
31,39
31,38
31,37
31,36
31,35
32,3
32,2
32,1
32,0
25,1
25,3
28,1
28,3
24,1
24,3
27,1
27,3
3,2
3,1
3,3
10,230
10,164
10,284
10,262
10,172
10,18
10,166
10,1
